0000000000000000000000000
1000000000000000000000000
1000000000000000000000000
0000000000000010000000000
0000000111000010100000000
0000000000000001010000000
1001100100000001001000110
1001000100000001010000110
0000100100000010100000000
0000110000000010000000000
0000000000000000000000000
0000000000000000000000000
0000000000000000000000000
0000000000000000000000000
0000000000000000000000000
0000000000000000000000000
0000000000000000000000000
0000000000000000000000000
0000000000000000000000000
0000000000000000000000000
0000000000000000000000000
0000000000000000000000000
0000000000000000000000000
0000000000000000000000000
0000000000000000000000000