00000000000000000000000000000000000000000000000000
00000000000000000000000011000000000000000000000000
00000000000000000000000111000000000000000000000000
00000000000000000000101100000000000000010000000000
00000000000001100000100100000000111000010100000000
00000000000001100000101100000000000000001010000000
00000000000000000000000111001100100000001001000110
00000000000000000000000011001000100000001010000110
00000000000000000000000000000100100000010100000000
00000000000000000000000000000110000000010000000000
00000000000000000000000000000000000000000000000000
00000000000000000000000000000000000000000000000000
00000000000000000000000000000000000000000000000000
00000000000000000000010000000000000000000000000000
00000000000000000000010100000000000000000000000000
00000000000000000000011000000000000000000000000000
00000000000000000000000000000000000000000000000000
00000000000000000000000000000000000000000000000000
00000000000000000000000000000000000000000000000000
00000000000000000000000000000000000000000000000000
00000000000000100000000000000000000000000000000000
00000000000001000000000000000000000000000000000000
00000000000001110000000000000000000000000000000000
00000000000000000000000000000000000000000000000000
00000000000000000000000000000000000000000000000000